# GNUPLOT file generated by OpenCalphad
# OpenCalphad   6.031 :  2021-08-16 : with GNUPLOT fig 1
# subroutine ocplot2B
set terminal wxt size 840,700 font "Arial,16"
#set terminal pdf color solid size 6,5 enhanced font "Arial,16"
#set output "ocgnu.pdf"
set title "OpenCalphad   6.031 :  2021-08-16 : with GNUPLOT fig 1 \n T=X,  P=100000, N=3, X(O)=0.333" font "Arial,10" 
set origin 0.0, 0.0 
set size   1.0000,   1.0000
set xlabel "Temperature-K"
set ylabel "Site fraction of all constituents in GAS"
set label "~O{.0  C}" at screen 0.02, 0.03 font "Garamond Bold,20"
set key top right font "Arial,12"
set style line  1 lt  1 lc rgb "#000000" lw 2 pt 10
set style line  2 lt  1 lc rgb "#4169E1" lw 2 pt 6
set style line  3 lt  1 lc rgb "#00C000" lw 2 pt 3
set style line  4 lt  1 lc rgb "#FF0000" lw 2 pt 2
set style line  5 lt  1 lc rgb "#FF00FF" lw 2 pt 4
set style line  6 lt  1 lc rgb "#C8C800" lw 2 pt 5
set style line  7 lt  1 lc rgb "#C0C0C0" lw 2 pt 7
set style line  8 lt  1 lc rgb "#00FFFF" lw 2 pt 8
set style line  9 lt  1 lc rgb "#804080" lw 2 pt 9
set style line 10 lt  1 lc rgb "#7CFF40" lw 2 pt 1
# for invariants, faded read
set style line 100 lt 1 lc rgb "#FF3333" lw 3 pt 1

# Some useful GNUPLOT commands for editing the figure
# This is a dashed line (on pdf/wxt):
# set style line 15 lt 0 lc rgb "#C8C800" lw 2 pt 2

# set pointsize 0.6
# set label "text" at 0.5, 0.5 rotate by 60 font "arial,12"
# set xrange [0.5 : 0.7] 
# Adding manually a line and keep scaling:
# set arrow x0, y0 to x1,y1 nohead linestyle 1
# set multiplot
# set xrange [] writeback
#  ... plot someting
# set xrange restore
#  ... plot more using same axis scaling 
# unset multiplot



# begin of data with lines    512
$OCT210816002212 << EOD
KEYS:  Temperature-K Y(GAS,H) Y(GAS,H2) Y(GAS,H2O1) Y(GAS,O) Y(GAS,O2) Y(GAS,O3) 
 # First line: 
   1    3.000000E+03    5.655643E-02    1.276988E-01    7.241991E-01    2.843405E-02    6.311164E-02    2.213959E-08
   2    3.000010E+03    5.655864E-02    1.277009E-01    7.241925E-01    2.843526E-02    6.311265E-02    2.214064E-08
   3    3.000020E+03    5.656084E-02    1.277030E-01    7.241860E-01    2.843646E-02    6.311366E-02    2.214169E-08
   4    3.002020E+03    5.700343E-02    1.281269E-01    7.228757E-01    2.867795E-02    6.331600E-02    2.235256E-08
   5    3.004020E+03    5.744870E-02    1.285507E-01    7.215613E-01    2.892104E-02    6.351818E-02    2.256492E-08
   6    3.006020E+03    5.789664E-02    1.289745E-01    7.202429E-01    2.916575E-02    6.372019E-02    2.277877E-08
   7    3.010000E+03    5.879606E-02    1.298174E-01    7.176073E-01    2.965752E-02    6.412164E-02    2.320877E-08
   8    3.020000E+03    6.110338E-02    1.319333E-01    7.109148E-01    3.092170E-02    6.512687E-02    2.431547E-08
   9    3.030000E+03    6.347951E-02    1.340448E-01    7.041219E-01    3.222736E-02    6.612645E-02    2.546010E-08
  10    3.040000E+03    6.592552E-02    1.361505E-01    6.972292E-01    3.357527E-02    6.711951E-02    2.664303E-08
  11    3.050000E+03    6.844248E-02    1.382487E-01    6.902374E-01    3.496618E-02    6.810515E-02    2.786455E-08
  12    3.060000E+03    7.103141E-02    1.403380E-01    6.831473E-01    3.640082E-02    6.908245E-02    2.912490E-08
  13    3.070000E+03    7.369330E-02    1.424164E-01    6.759599E-01    3.787989E-02    7.005045E-02    3.042424E-08
  14    3.080000E+03    7.642912E-02    1.444825E-01    6.686760E-01    3.940409E-02    7.100822E-02    3.176265E-08
  15    3.090000E+03    7.923979E-02    1.465344E-01    6.612969E-01    4.097409E-02    7.195477E-02    3.314011E-08
  16    3.100000E+03    8.212617E-02    1.485703E-01    6.538238E-01    4.259051E-02    7.288912E-02    3.455653E-08
  17    3.110000E+03    8.508910E-02    1.505885E-01    6.462581E-01    4.425398E-02    7.381025E-02    3.601172E-08
  18    3.120000E+03    8.812937E-02    1.525871E-01    6.386013E-01    4.596506E-02    7.471716E-02    3.750539E-08
  19    3.130000E+03    9.124770E-02    1.545642E-01    6.308550E-01    4.772432E-02    7.560881E-02    3.903715E-08
  20    3.140000E+03    9.444477E-02    1.565178E-01    6.230209E-01    4.953226E-02    7.648416E-02    4.060649E-08
  21    3.150000E+03    9.772121E-02    1.584462E-01    6.151011E-01    5.138936E-02    7.734215E-02    4.221278E-08
  22    3.160000E+03    1.010776E-01    1.603472E-01    6.070974E-01    5.329604E-02    7.818172E-02    4.385529E-08
  23    3.170000E+03    1.045143E-01    1.622189E-01    5.990122E-01    5.525270E-02    7.900182E-02    4.553315E-08
  24    3.180000E+03    1.080319E-01    1.640593E-01    5.908476E-01    5.725968E-02    7.980135E-02    4.724537E-08
  25    3.190000E+03    1.116307E-01    1.658664E-01    5.826063E-01    5.931729E-02    8.057925E-02    4.899081E-08
  26    3.200000E+03    1.153110E-01    1.676380E-01    5.742907E-01    6.142575E-02    8.133443E-02    5.076821E-08
  27    3.210000E+03    1.190729E-01    1.693722E-01    5.659037E-01    6.358528E-02    8.206582E-02    5.257616E-08
  28    3.220000E+03    1.229166E-01    1.710669E-01    5.574481E-01    6.579599E-02    8.277233E-02    5.441310E-08
  29    3.230000E+03    1.268422E-01    1.727199E-01    5.489271E-01    6.805797E-02    8.345290E-02    5.627735E-08
  30    3.240000E+03    1.308494E-01    1.743291E-01    5.403437E-01    7.037122E-02    8.410645E-02    5.816704E-08
  31    3.250000E+03    1.349383E-01    1.758926E-01    5.317014E-01    7.273571E-02    8.473192E-02    6.008019E-08
  32    3.260000E+03    1.391085E-01    1.774082E-01    5.230037E-01    7.515130E-02    8.532828E-02    6.201463E-08
  33    3.270000E+03    1.433598E-01    1.788737E-01    5.142542E-01    7.761782E-02    8.589448E-02    6.396805E-08
  34    3.280000E+03    1.476915E-01    1.802872E-01    5.054567E-01    8.013500E-02    8.642950E-02    6.593801E-08
  35    3.290000E+03    1.521033E-01    1.816467E-01    4.966151E-01    8.270251E-02    8.693234E-02    6.792188E-08
  36    3.300000E+03    1.565944E-01    1.829499E-01    4.877336E-01    8.531993E-02    8.740204E-02    6.991691E-08
  37    3.310000E+03    1.611641E-01    1.841950E-01    4.788165E-01    8.798677E-02    8.783762E-02    7.192017E-08
  38    3.320000E+03    1.658114E-01    1.853800E-01    4.698679E-01    9.070246E-02    8.823816E-02    7.392863E-08
  39    3.330000E+03    1.705354E-01    1.865029E-01    4.608926E-01    9.346633E-02    8.860277E-02    7.593907E-08
  40    3.340000E+03    1.753349E-01    1.875618E-01    4.518950E-01    9.627765E-02    8.893059E-02    7.794818E-08
  41    3.350000E+03    1.802087E-01    1.885548E-01    4.428801E-01    9.913558E-02    8.922078E-02    7.995247E-08
  42    3.360000E+03    1.851554E-01    1.894802E-01    4.338526E-01    1.020392E-01    8.947255E-02    8.194837E-08
  43    3.370000E+03    1.901735E-01    1.903362E-01    4.248176E-01    1.049875E-01    8.968517E-02    8.393217E-08
  44    3.380000E+03    1.952614E-01    1.911210E-01    4.157802E-01    1.079794E-01    8.985792E-02    8.590008E-08
  45    3.390000E+03    2.004174E-01    1.918332E-01    4.067456E-01    1.110136E-01    8.999017E-02    8.784819E-08
  46    3.400000E+03    2.056395E-01    1.924711E-01    3.977191E-01    1.140890E-01    9.008130E-02    8.977251E-08
  47    3.410000E+03    2.109258E-01    1.930332E-01    3.887061E-01    1.172040E-01    9.013078E-02    9.166898E-08
  48    3.420000E+03    2.162741E-01    1.935183E-01    3.797122E-01    1.203572E-01    9.013813E-02    9.353350E-08
  49    3.430000E+03    2.216821E-01    1.939249E-01    3.707428E-01    1.235471E-01    9.010291E-02    9.536190E-08
  50    3.440000E+03    2.271476E-01    1.942520E-01    3.618036E-01    1.267720E-01    9.002476E-02    9.715000E-08
  51    3.450000E+03    2.326679E-01    1.944983E-01    3.529002E-01    1.300301E-01    8.990341E-02    9.889359E-08
  52    3.460000E+03    2.382404E-01    1.946630E-01    3.440384E-01    1.333195E-01    8.973861E-02    1.005885E-07
  53    3.470000E+03    2.438624E-01    1.947452E-01    3.352237E-01    1.366383E-01    8.953023E-02    1.022305E-07
  54    3.480000E+03    2.495310E-01    1.947442E-01    3.264620E-01    1.399846E-01    8.927818E-02    1.038155E-07
  55    3.490000E+03    2.552432E-01    1.946593E-01    3.177589E-01    1.433560E-01    8.898248E-02    1.053394E-07
  56    3.500000E+03    2.609959E-01    1.944901E-01    3.091201E-01    1.467506E-01    8.864320E-02    1.067982E-07
  57    3.510000E+03    2.667859E-01    1.942361E-01    3.005514E-01    1.501659E-01    8.826051E-02    1.081881E-07
  58    3.520000E+03    2.726099E-01    1.938973E-01    2.920583E-01    1.535997E-01    8.783465E-02    1.095053E-07
  59    3.530000E+03    2.784645E-01    1.934735E-01    2.836464E-01    1.570495E-01    8.736595E-02    1.107462E-07
  60    3.540000E+03    2.843462E-01    1.929649E-01    2.753212E-01    1.605127E-01    8.685484E-02    1.119072E-07
  61    3.550000E+03    2.902514E-01    1.923716E-01    2.670881E-01    1.639869E-01    8.630182E-02    1.129851E-07
  62    3.560000E+03    2.961764E-01    1.916942E-01    2.589523E-01    1.674695E-01    8.570747E-02    1.139768E-07
  63    3.570000E+03    3.021177E-01    1.909330E-01    2.509191E-01    1.709577E-01    8.507247E-02    1.148795E-07
  64    3.580000E+03    3.080713E-01    1.900889E-01    2.429933E-01    1.744488E-01    8.439758E-02    1.156905E-07
  65    3.590000E+03    3.140334E-01    1.891627E-01    2.351800E-01    1.779402E-01    8.368366E-02    1.164075E-07
  66    3.600000E+03    3.200002E-01    1.881555E-01    2.274837E-01    1.814289E-01    8.293163E-02    1.170283E-07
  67    3.610000E+03    3.259678E-01    1.870683E-01    2.199089E-01    1.849124E-01    8.214250E-02    1.175512E-07
  68    3.620000E+03    3.319322E-01    1.859026E-01    2.124601E-01    1.883876E-01    8.131737E-02    1.179746E-07
  69    3.630000E+03    3.378896E-01    1.846599E-01    2.051411E-01    1.918518E-01    8.045742E-02    1.182974E-07
  70    3.640000E+03    3.438359E-01    1.833418E-01    1.979560E-01    1.953022E-01    7.956390E-02    1.185186E-07
  71    3.650000E+03    3.497674E-01    1.819501E-01    1.909083E-01    1.987360E-01    7.863812E-02    1.186377E-07
  72    3.660000E+03    3.556799E-01    1.804868E-01    1.840014E-01    2.021503E-01    7.768147E-02    1.186546E-07
  73    3.670000E+03    3.615698E-01    1.789538E-01    1.772383E-01    2.055425E-01    7.669541E-02    1.185693E-07
  74    3.680000E+03    3.674332E-01    1.773536E-01    1.706219E-01    2.089098E-01    7.568146E-02    1.183823E-07
  75    3.690000E+03    3.732663E-01    1.756883E-01    1.641546E-01    2.122495E-01    7.464117E-02    1.180945E-07
  76    3.700000E+03    3.790654E-01    1.739605E-01    1.578388E-01    2.155590E-01    7.357616E-02    1.177068E-07
  77    3.710000E+03    3.848269E-01    1.721728E-01    1.516764E-01    2.188357E-01    7.248810E-02    1.172210E-07
  78    3.720000E+03    3.905472E-01    1.703278E-01    1.456691E-01    2.220772E-01    7.137868E-02    1.166387E-07
  79    3.730000E+03    3.962229E-01    1.684283E-01    1.398180E-01    2.252810E-01    7.024964E-02    1.159620E-07
  80    3.740000E+03    4.018507E-01    1.664772E-01    1.341244E-01    2.284449E-01    6.910273E-02    1.151933E-07
  81    3.750000E+03    4.074274E-01    1.644774E-01    1.285888E-01    2.315665E-01    6.793972E-02    1.143355E-07
  82    3.760000E+03    4.129498E-01    1.624320E-01    1.232118E-01    2.346439E-01    6.676241E-02    1.133913E-07
  83    3.770000E+03    4.184151E-01    1.603439E-01    1.179934E-01    2.376750E-01    6.557259E-02    1.123640E-07
  84    3.780000E+03    4.238203E-01    1.582163E-01    1.129335E-01    2.406578E-01    6.437204E-02    1.112571E-07
  85    3.790000E+03    4.291628E-01    1.560523E-01    1.080315E-01    2.435907E-01    6.316256E-02    1.100741E-07
  86    3.800000E+03    4.344402E-01    1.538552E-01    1.032867E-01    2.464719E-01    6.194592E-02    1.088190E-07
  87    3.810000E+03    4.396499E-01    1.516279E-01    9.869815E-02    2.493000E-01    6.072386E-02    1.074956E-07
  88    3.820000E+03    4.447899E-01    1.493738E-01    9.426444E-02    2.520736E-01    5.949811E-02    1.061083E-07
  89    3.830000E+03    4.498581E-01    1.470960E-01    8.998405E-02    2.547913E-01    5.827037E-02    1.046610E-07
  90    3.840000E+03    4.548526E-01    1.447976E-01    8.585518E-02    2.574522E-01    5.704229E-02    1.031583E-07
  91    3.850000E+03    4.597718E-01    1.424816E-01    8.187579E-02    2.600552E-01    5.581547E-02    1.016044E-07
  92    3.860000E+03    4.646139E-01    1.401513E-01    7.804365E-02    2.625995E-01    5.459149E-02    1.000039E-07
  93    3.870000E+03    4.693778E-01    1.378094E-01    7.435632E-02    2.650844E-01    5.337184E-02    9.836111E-08
  94    3.880000E+03    4.740622E-01    1.354591E-01    7.081116E-02    2.675094E-01    5.215799E-02    9.668049E-08
  95    3.890000E+03    4.786661E-01    1.331032E-01    6.740538E-02    2.698739E-01    5.095131E-02    9.496644E-08
  96    3.900000E+03    4.831886E-01    1.307444E-01    6.413602E-02    2.721777E-01    4.975315E-02    9.322331E-08
  97    3.910000E+03    4.876289E-01    1.283855E-01    6.100002E-02    2.744207E-01    4.856476E-02    9.145537E-08
  98    3.920000E+03    4.919865E-01    1.260291E-01    5.799415E-02    2.766028E-01    4.738732E-02    8.966680E-08
  99    3.930000E+03    4.962610E-01    1.236778E-01    5.511510E-02    2.787240E-01    4.622197E-02    8.786168E-08
 100    3.940000E+03    5.004522E-01    1.213339E-01    5.235949E-02    2.807846E-01    4.506975E-02    8.604396E-08
 101    3.950000E+03    5.045598E-01    1.189997E-01    4.972384E-02    2.827849E-01    4.393164E-02    8.421745E-08
 102    3.960000E+03    5.085840E-01    1.166775E-01    4.720462E-02    2.847253E-01    4.280853E-02    8.238581E-08
 103    3.970000E+03    5.125248E-01    1.143694E-01    4.479826E-02    2.866062E-01    4.170125E-02    8.055256E-08
 104    3.980000E+03    5.163825E-01    1.120774E-01    4.250117E-02    2.884284E-01    4.061057E-02    7.872104E-08
 105    3.990000E+03    5.201574E-01    1.098032E-01    4.030974E-02    2.901924E-01    3.953715E-02    7.689441E-08
 106    4.000000E+03    5.238501E-01    1.075488E-01    3.822034E-02    2.918991E-01    3.848163E-02    7.507565E-08
 107    4.010000E+03    5.274610E-01    1.053157E-01    3.622938E-02    2.935493E-01    3.744452E-02    7.326758E-08
 108    4.020000E+03    5.309909E-01    1.031054E-01    3.433328E-02    2.951440E-01    3.642632E-02    7.147281E-08
 109    4.030000E+03    5.344406E-01    1.009194E-01    3.252848E-02    2.966840E-01    3.542742E-02    6.969378E-08
 110    4.040000E+03    5.378108E-01    9.875903E-02    3.081146E-02    2.981705E-01    3.444817E-02    6.793274E-08
 111    4.050000E+03    5.411025E-01    9.662538E-02    2.917878E-02    2.996045E-01    3.348886E-02    6.619175E-08
 112    4.060000E+03    5.443165E-01    9.451958E-02    2.762703E-02    3.009871E-01    3.254971E-02    6.447271E-08
 113    4.070000E+03    5.474541E-01    9.244260E-02    2.615286E-02    3.023195E-01    3.163089E-02    6.277731E-08
 114    4.080000E+03    5.505162E-01    9.039533E-02    2.475302E-02    3.036029E-01    3.073252E-02    6.110711E-08
 115    4.090000E+03    5.535039E-01    8.837855E-02    2.342429E-02    3.048385E-01    2.985465E-02    5.946348E-08
 116    4.100000E+03    5.564186E-01    8.639294E-02    2.216358E-02    3.060276E-01    2.899731E-02    5.784762E-08
 117    4.110000E+03    5.592612E-01    8.443910E-02    2.096784E-02    3.071713E-01    2.816048E-02    5.626059E-08
 118    4.120000E+03    5.620332E-01    8.251752E-02    1.983415E-02    3.082710E-01    2.734409E-02    5.470331E-08
 119    4.130000E+03    5.647357E-01    8.062865E-02    1.875964E-02    3.093279E-01    2.654804E-02    5.317654E-08
 120    4.140000E+03    5.673701E-01    7.877283E-02    1.774155E-02    3.103433E-01    2.577217E-02    5.168093E-08
 121    4.150000E+03    5.699376E-01    7.695031E-02    1.677720E-02    3.113185E-01    2.501633E-02    5.021698E-08
 122    4.160000E+03    5.724396E-01    7.516131E-02    1.586404E-02    3.122547E-01    2.428032E-02    4.878510E-08
 123    4.170000E+03    5.748773E-01    7.340595E-02    1.499956E-02    3.131532E-01    2.356389E-02    4.738557E-08
 124    4.180000E+03    5.772522E-01    7.168431E-02    1.418138E-02    3.140152E-01    2.286681E-02    4.601857E-08
 125    4.190000E+03    5.795656E-01    6.999640E-02    1.340721E-02    3.148420E-01    2.218880E-02    4.468420E-08
 126    4.200000E+03    5.818187E-01    6.834216E-02    1.267482E-02    3.156347E-01    2.152956E-02    4.338246E-08
 127    4.210000E+03    5.840130E-01    6.672151E-02    1.198212E-02    3.163945E-01    2.088879E-02    4.211326E-08
 128    4.220000E+03    5.861497E-01    6.513430E-02    1.132707E-02    3.171227E-01    2.026616E-02    4.087646E-08
 129    4.230000E+03    5.882302E-01    6.358035E-02    1.070773E-02    3.178203E-01    1.966133E-02    3.967185E-08
 130    4.240000E+03    5.902557E-01    6.205942E-02    1.012226E-02    3.184886E-01    1.907396E-02    3.849914E-08
 131    4.250000E+03    5.922277E-01    6.057126E-02    9.568867E-03    3.191285E-01    1.850368E-02    3.735799E-08
 132    4.260000E+03    5.941472E-01    5.911556E-02    9.045875E-03    3.197412E-01    1.795014E-02    3.624804E-08
 133    4.270000E+03    5.960157E-01    5.769199E-02    8.551670E-03    3.203277E-01    1.741296E-02    3.516885E-08
 134    4.280000E+03    5.978343E-01    5.630020E-02    8.084716E-03    3.208890E-01    1.689178E-02    3.411996E-08
 135    4.290000E+03    5.996043E-01    5.493981E-02    7.643553E-03    3.214261E-01    1.638621E-02    3.310088E-08
 136    4.300000E+03    6.013269E-01    5.361041E-02    7.226789E-03    3.219400E-01    1.589587E-02    3.211108E-08
 137    4.310000E+03    6.030033E-01    5.231157E-02    6.833103E-03    3.224316E-01    1.542039E-02    3.115002E-08
 138    4.320000E+03    6.046346E-01    5.104286E-02    6.461239E-03    3.229019E-01    1.495938E-02    3.021713E-08
 139    4.330000E+03    6.062221E-01    4.980381E-02    6.110004E-03    3.233516E-01    1.451248E-02    2.931181E-08
 140    4.340000E+03    6.077669E-01    4.859396E-02    5.778268E-03    3.237816E-01    1.407931E-02    2.843347E-08
 141    4.350000E+03    6.092700E-01    4.741282E-02    5.464956E-03    3.241927E-01    1.365949E-02    2.758151E-08
 142    4.360000E+03    6.107325E-01    4.625989E-02    5.169052E-03    3.245858E-01    1.325266E-02    2.675530E-08
 143    4.370000E+03    6.121556E-01    4.513469E-02    4.889591E-03    3.249616E-01    1.285845E-02    2.595421E-08
 144    4.380000E+03    6.135403E-01    4.403670E-02    4.625659E-03    3.253208E-01    1.247651E-02    2.517763E-08
 145    4.390000E+03    6.148875E-01    4.296541E-02    4.376393E-03    3.256642E-01    1.210649E-02    2.442493E-08
 146    4.400000E+03    6.161983E-01    4.192031E-02    4.140973E-03    3.259924E-01    1.174803E-02    2.369548E-08
 147    4.410000E+03    6.174737E-01    4.090087E-02    3.918627E-03    3.263060E-01    1.140080E-02    2.298866E-08
 148    4.420000E+03    6.187146E-01    3.990659E-02    3.708621E-03    3.266057E-01    1.106447E-02    2.230385E-08
 149    4.430000E+03    6.199220E-01    3.893694E-02    3.510265E-03    3.268921E-01    1.073870E-02    2.164044E-08
 150    4.440000E+03    6.210967E-01    3.799141E-02    3.322902E-03    3.271658E-01    1.042318E-02    2.099782E-08
 151    4.450000E+03    6.222397E-01    3.706948E-02    3.145916E-03    3.274273E-01    1.011759E-02    2.037540E-08
 152    4.460000E+03    6.233518E-01    3.617064E-02    2.978722E-03    3.276772E-01    9.821623E-03    1.977258E-08
 153    4.470000E+03    6.244338E-01    3.529438E-02    2.820769E-03    3.279160E-01    9.534986E-03    1.918879E-08
 154    4.480000E+03    6.254867E-01    3.444019E-02    2.671536E-03    3.281442E-01    9.257385E-03    1.862346E-08
 155    4.490000E+03    6.265111E-01    3.360758E-02    2.530532E-03    3.283622E-01    8.988536E-03    1.807603E-08
 156    4.500000E+03    6.275080E-01    3.279605E-02    2.397292E-03    3.285705E-01    8.728164E-03    1.754596E-08
 157    4.510000E+03    6.284780E-01    3.200510E-02    2.271379E-03    3.287695E-01    8.475997E-03    1.703270E-08
 158    4.520000E+03    6.294219E-01    3.123427E-02    2.152379E-03    3.289597E-01    8.231775E-03    1.653575E-08
 159    4.530000E+03    6.303404E-01    3.048306E-02    2.039902E-03    3.291414E-01    7.995243E-03    1.605457E-08
 160    4.540000E+03    6.312342E-01    2.975102E-02    1.933581E-03    3.293151E-01    7.766153E-03    1.558869E-08
 161    4.550000E+03    6.321040E-01    2.903767E-02    1.833068E-03    3.294810E-01    7.544266E-03    1.513761E-08
 162    4.560000E+03    6.329505E-01    2.834256E-02    1.738038E-03    3.296395E-01    7.329348E-03    1.470086E-08
 163    4.570000E+03    6.337744E-01    2.766525E-02    1.648180E-03    3.297910E-01    7.121173E-03    1.427798E-08
 164    4.580000E+03    6.345762E-01    2.700530E-02    1.563204E-03    3.299358E-01    6.919522E-03    1.386852E-08
 165    4.590000E+03    6.353566E-01    2.636227E-02    1.482835E-03    3.300741E-01    6.724180E-03    1.347204E-08
 166    4.600000E+03    6.361161E-01    2.573574E-02    1.406816E-03    3.302063E-01    6.534944E-03    1.308814E-08
 167    4.610000E+03    6.368555E-01    2.512529E-02    1.334901E-03    3.303327E-01    6.351611E-03    1.271638E-08
 168    4.620000E+03    6.375752E-01    2.453052E-02    1.266861E-03    3.304535E-01    6.173990E-03    1.235638E-08
 169    4.630000E+03    6.382757E-01    2.395102E-02    1.202479E-03    3.305689E-01    6.001893E-03    1.200775E-08
 170    4.640000E+03    6.389577E-01    2.338641E-02    1.141551E-03    3.306792E-01    5.835137E-03    1.167012E-08
 171    4.650000E+03    6.396216E-01    2.283631E-02    1.083883E-03    3.307846E-01    5.673548E-03    1.134311E-08
 172    4.660000E+03    6.402680E-01    2.230033E-02    1.029294E-03    3.308854E-01    5.516955E-03    1.102638E-08
 173    4.670000E+03    6.408973E-01    2.177812E-02    9.776133E-04    3.309818E-01    5.365195E-03    1.071960E-08
 174    4.680000E+03    6.415100E-01    2.126931E-02    9.286783E-04    3.310739E-01    5.218107E-03    1.042242E-08
 175    4.690000E+03    6.421066E-01    2.077356E-02    8.823371E-04    3.311619E-01    5.075539E-03    1.013453E-08
 176    4.700000E+03    6.426875E-01    2.029052E-02    8.384459E-04    3.312461E-01    4.937341E-03    9.855620E-09
 177    4.710000E+03    6.432533E-01    1.981987E-02    7.968693E-04    3.313266E-01    4.803370E-03    9.585393E-09
 178    4.720000E+03    6.438042E-01    1.936126E-02    7.574796E-04    3.314036E-01    4.673487E-03    9.323558E-09
 179    4.730000E+03    6.443407E-01    1.891439E-02    7.201563E-04    3.314772E-01    4.547557E-03    9.069837E-09
 180    4.740000E+03    6.448633E-01    1.847895E-02    6.847859E-04    3.315475E-01    4.425451E-03    8.823958E-09
 181    4.750000E+03    6.453722E-01    1.805463E-02    6.512612E-04    3.316148E-01    4.307043E-03    8.585660E-09
 182    4.760000E+03    6.458680E-01    1.764114E-02    6.194811E-04    3.316792E-01    4.192212E-03    8.354692E-09
 183    4.770000E+03    6.463509E-01    1.723818E-02    5.893504E-04    3.317407E-01    4.080841E-03    8.130810E-09
 184    4.780000E+03    6.468214E-01    1.684549E-02    5.607791E-04    3.317995E-01    3.972816E-03    7.913777E-09
 185    4.790000E+03    6.472797E-01    1.646278E-02    5.336823E-04    3.318558E-01    3.868029E-03    7.703366E-09
 186    4.800000E+03    6.477262E-01    1.608979E-02    5.079801E-04    3.319097E-01    3.766373E-03    7.499357E-09
 187    4.810000E+03    6.481612E-01    1.572626E-02    4.835969E-04    3.319612E-01    3.667747E-03    7.301538E-09
 188    4.820000E+03    6.485851E-01    1.537193E-02    4.604614E-04    3.320104E-01    3.572052E-03    7.109704E-09
 189    4.830000E+03    6.489982E-01    1.502657E-02    4.385063E-04    3.320576E-01    3.479192E-03    6.923657E-09
 190    4.840000E+03    6.494007E-01    1.468992E-02    4.176683E-04    3.321026E-01    3.389077E-03    6.743205E-09
 191    4.850000E+03    6.497930E-01    1.436176E-02    3.978872E-04    3.321458E-01    3.301617E-03    6.568164E-09
 192    4.860000E+03    6.501753E-01    1.404186E-02    3.791067E-04    3.321870E-01    3.216725E-03    6.398355E-09
 193    4.870000E+03    6.505479E-01    1.372999E-02    3.612732E-04    3.322265E-01    3.134321E-03    6.233607E-09
 194    4.880000E+03    6.509111E-01    1.342595E-02    3.443363E-04    3.322643E-01    3.054323E-03    6.073754E-09
 195    4.890000E+03    6.512652E-01    1.312951E-02    3.282484E-04    3.323004E-01    2.976654E-03    5.918634E-09
 196    4.900000E+03    6.516103E-01    1.284049E-02    3.129646E-04    3.323350E-01    2.901239E-03    5.768097E-09
 197    4.910000E+03    6.519468E-01    1.255867E-02    2.984422E-04    3.323681E-01    2.828007E-03    5.621985E-09
 198    4.920000E+03    6.522749E-01    1.228387E-02    2.846411E-04    3.323997E-01    2.756887E-03    5.480159E-09
 199    4.930000E+03    6.525948E-01    1.201590E-02    2.715236E-04    3.324300E-01    2.687813E-03    5.342479E-09
 200    4.940000E+03    6.529067E-01    1.175457E-02    2.590536E-04    3.324590E-01    2.620719E-03    5.208810E-09
 201    4.950000E+03    6.532108E-01    1.149970E-02    2.471973E-04    3.324867E-01    2.555543E-03    5.079023E-09
 202    4.960000E+03    6.535074E-01    1.125113E-02    2.359228E-04    3.325133E-01    2.492224E-03    4.952992E-09
 203    4.970000E+03    6.537967E-01    1.100869E-02    2.251997E-04    3.325387E-01    2.430703E-03    4.830596E-09
 204    4.980000E+03    6.540789E-01    1.077220E-02    2.149994E-04    3.325630E-01    2.370924E-03    4.711719E-09
 205    4.990000E+03    6.543541E-01    1.054152E-02    2.052950E-04    3.325863E-01    2.312833E-03    4.596247E-09
 206    5.000000E+03    6.546226E-01    1.031649E-02    1.960608E-04    3.326085E-01    2.256375E-03    4.484071E-09
 207    5.010000E+03    6.548844E-01    1.009695E-02    1.872726E-04    3.326298E-01    2.201501E-03    4.375087E-09
 208    5.020000E+03    6.551400E-01    9.882765E-03    1.789076E-04    3.326502E-01    2.148160E-03    4.269193E-09
 209    5.030000E+03    6.553892E-01    9.673787E-03    1.709440E-04    3.326697E-01    2.096306E-03    4.166291E-09
 210    5.040000E+03    6.556325E-01    9.469879E-03    1.633615E-04    3.326884E-01    2.045892E-03    4.066285E-09
 211    5.050000E+03    6.558698E-01    9.270906E-03    1.561407E-04    3.327063E-01    1.996874E-03    3.969086E-09
 212    5.060000E+03    6.561014E-01    9.076737E-03    1.492631E-04    3.327234E-01    1.949208E-03    3.874604E-09
 213    5.070000E+03    6.563275E-01    8.887246E-03    1.427114E-04    3.327397E-01    1.902853E-03    3.782754E-09
 214    5.080000E+03    6.565481E-01    8.702308E-03    1.364693E-04    3.327554E-01    1.857768E-03    3.693454E-09
 215    5.090000E+03    6.567634E-01    8.521803E-03    1.305210E-04    3.327704E-01    1.813916E-03    3.606624E-09
 216    5.100000E+03    6.569736E-01    8.345616E-03    1.248520E-04    3.327847E-01    1.771258E-03    3.522187E-09
 217    5.110000E+03    6.571788E-01    8.173631E-03    1.194481E-04    3.327984E-01    1.729758E-03    3.440069E-09
 218    5.120000E+03    6.573791E-01    8.005738E-03    1.142963E-04    3.328115E-01    1.689381E-03    3.360198E-09
 219    5.130000E+03    6.575746E-01    7.841830E-03    1.093840E-04    3.328241E-01    1.650093E-03    3.282506E-09
 220    5.140000E+03    6.577655E-01    7.681803E-03    1.046993E-04    3.328361E-01    1.611860E-03    3.206924E-09
 221    5.150000E+03    6.579520E-01    7.525555E-03    1.002309E-04    3.328476E-01    1.574653E-03    3.133389E-09
 222    5.160000E+03    6.581340E-01    7.372987E-03    9.596826E-05    3.328586E-01    1.538438E-03    3.061837E-09
 223    5.170000E+03    6.583118E-01    7.224004E-03    9.190120E-05    3.328691E-01    1.503188E-03    2.992208E-09
 224    5.180000E+03    6.584855E-01    7.078512E-03    8.802016E-05    3.328791E-01    1.468872E-03    2.924444E-09
 225    5.190000E+03    6.586551E-01    6.936420E-03    8.431606E-05    3.328887E-01    1.435464E-03    2.858489E-09
 226    5.200000E+03    6.588207E-01    6.797640E-03    8.078028E-05    3.328979E-01    1.402936E-03    2.794287E-09
 227    5.210000E+03    6.589825E-01    6.662087E-03    7.740465E-05    3.329067E-01    1.371263E-03    2.731785E-09
 228    5.220000E+03    6.591406E-01    6.529677E-03    7.418142E-05    3.329151E-01    1.340419E-03    2.670934E-09
 229    5.230000E+03    6.592950E-01    6.400329E-03    7.110324E-05    3.329232E-01    1.310379E-03    2.611683E-09
 230    5.240000E+03    6.594459E-01    6.273964E-03    6.816312E-05    3.329308E-01    1.281121E-03    2.553985E-09
 231    5.250000E+03    6.595934E-01    6.150506E-03    6.535446E-05    3.329382E-01    1.252621E-03    2.497793E-09
 232    5.260000E+03    6.597374E-01    6.029880E-03    6.267095E-05    3.329452E-01    1.224858E-03    2.443064E-09
 233    5.270000E+03    6.598782E-01    5.912013E-03    6.010664E-05    3.329519E-01    1.197809E-03    2.389753E-09
 234    5.280000E+03    6.600158E-01    5.796836E-03    5.765586E-05    3.329583E-01    1.171455E-03    2.337818E-09
 235    5.290000E+03    6.601503E-01    5.684279E-03    5.531323E-05    3.329644E-01    1.145775E-03    2.287221E-09
 236    5.300000E+03    6.602817E-01    5.574276E-03    5.307364E-05    3.329702E-01    1.120749E-03    2.237920E-09
 237    5.310000E+03    6.604102E-01    5.466762E-03    5.093224E-05    3.329758E-01    1.096360E-03    2.189880E-09
 238    5.320000E+03    6.605357E-01    5.361675E-03    4.888441E-05    3.329811E-01    1.072588E-03    2.143062E-09
 239    5.330000E+03    6.606585E-01    5.258952E-03    4.692579E-05    3.329862E-01    1.049416E-03    2.097431E-09
 240    5.340000E+03    6.607786E-01    5.158535E-03    4.505219E-05    3.329910E-01    1.026827E-03    2.052954E-09
 241    5.350000E+03    6.608959E-01    5.060364E-03    4.325967E-05    3.329956E-01    1.004805E-03    2.009597E-09
 242    5.360000E+03    6.610107E-01    4.964385E-03    4.154447E-05    3.330000E-01    9.833332E-04    1.967327E-09
 243    5.370000E+03    6.611229E-01    4.870541E-03    3.990301E-05    3.330042E-01    9.623964E-04    1.926114E-09
 244    5.380000E+03    6.612327E-01    4.778780E-03    3.833189E-05    3.330082E-01    9.419795E-04    1.885928E-09
 245    5.390000E+03    6.613400E-01    4.689049E-03    3.682788E-05    3.330121E-01    9.220679E-04    1.846739E-09
 246    5.400000E+03    6.614450E-01    4.601298E-03    3.538789E-05    3.330157E-01    9.026475E-04    1.808519E-09
 247    5.410000E+03    6.615477E-01    4.515479E-03    3.400902E-05    3.330192E-01    8.837046E-04    1.771241E-09
 248    5.420000E+03    6.616481E-01    4.431542E-03    3.268847E-05    3.330224E-01    8.652260E-04    1.734878E-09
 249    5.430000E+03    6.617463E-01    4.349442E-03    3.142359E-05    3.330256E-01    8.471988E-04    1.699405E-09
 250    5.440000E+03    6.618425E-01    4.269133E-03    3.021187E-05    3.330286E-01    8.296106E-04    1.664796E-09
 251    5.450000E+03    6.619365E-01    4.190572E-03    2.905090E-05    3.330314E-01    8.124491E-04    1.631028E-09
 252    5.460000E+03    6.620285E-01    4.113714E-03    2.793840E-05    3.330341E-01    7.957028E-04    1.598077E-09
 253    5.470000E+03    6.621186E-01    4.038520E-03    2.687220E-05    3.330367E-01    7.793603E-04    1.565921E-09
 254    5.480000E+03    6.622067E-01    3.964947E-03    2.585023E-05    3.330391E-01    7.634105E-04    1.534537E-09
 255    5.490000E+03    6.622929E-01    3.892957E-03    2.487052E-05    3.330414E-01    7.478428E-04    1.503905E-09
 256    5.500000E+03    6.623773E-01    3.822511E-03    2.393118E-05    3.330436E-01    7.326468E-04    1.474003E-09
 257    5.510000E+03    6.624599E-01    3.753571E-03    2.303042E-05    3.330457E-01    7.178125E-04    1.444813E-09
 258    5.520000E+03    6.625408E-01    3.686102E-03    2.216656E-05    3.330476E-01    7.033301E-04    1.416313E-09
 259    5.530000E+03    6.626199E-01    3.620067E-03    2.133795E-05    3.330495E-01    6.891901E-04    1.388487E-09
 260    5.540000E+03    6.626974E-01    3.555432E-03    2.054304E-05    3.330512E-01    6.753833E-04    1.361314E-09
 261    5.550000E+03    6.627733E-01    3.492164E-03    1.978038E-05    3.330529E-01    6.619010E-04    1.334779E-09
 262    5.560000E+03    6.628475E-01    3.430229E-03    1.904854E-05    3.330545E-01    6.487343E-04    1.308863E-09
 263    5.570000E+03    6.629202E-01    3.369597E-03    1.834619E-05    3.330559E-01    6.358750E-04    1.283550E-09
 264    5.580000E+03    6.629914E-01    3.310235E-03    1.767205E-05    3.330573E-01    6.233149E-04    1.258824E-09
 265    5.590000E+03    6.630612E-01    3.252114E-03    1.702489E-05    3.330587E-01    6.110461E-04    1.234670E-09
 266    5.600000E+03    6.631294E-01    3.195204E-03    1.640356E-05    3.330599E-01    5.990609E-04    1.211071E-09
 267    5.610000E+03    6.631963E-01    3.139476E-03    1.580694E-05    3.330610E-01    5.873519E-04    1.188014E-09
 268    5.620000E+03    6.632618E-01    3.084903E-03    1.523398E-05    3.330621E-01    5.759119E-04    1.165484E-09
 269    5.630000E+03    6.633260E-01    3.031458E-03    1.468366E-05    3.330632E-01    5.647338E-04    1.143468E-09
 270    5.640000E+03    6.633888E-01    2.979113E-03    1.415502E-05    3.330641E-01    5.538108E-04    1.121951E-09
 271    5.650000E+03    6.634504E-01    2.927844E-03    1.364714E-05    3.330650E-01    5.431364E-04    1.100921E-09
 272    5.660000E+03    6.635107E-01    2.877625E-03    1.315914E-05    3.330658E-01    5.327040E-04    1.080365E-09
 273    5.670000E+03    6.635698E-01    2.828431E-03    1.269018E-05    3.330666E-01    5.225075E-04    1.060271E-09
 274    5.680000E+03    6.636277E-01    2.780239E-03    1.223946E-05    3.330673E-01    5.125407E-04    1.040627E-09
 275    5.690000E+03    6.636844E-01    2.733025E-03    1.180622E-05    3.330680E-01    5.027979E-04    1.021421E-09
 276    5.700000E+03    6.637400E-01    2.686767E-03    1.138972E-05    3.330686E-01    4.932732E-04    1.002642E-09
 277    5.710000E+03    6.637944E-01    2.641443E-03    1.098927E-05    3.330692E-01    4.839612E-04    9.842788E-10
 278    5.720000E+03    6.638478E-01    2.597032E-03    1.060419E-05    3.330697E-01    4.748563E-04    9.663212E-10
 279    5.730000E+03    6.639001E-01    2.553511E-03    1.023386E-05    3.330702E-01    4.659534E-04    9.487588E-10
 280    5.740000E+03    6.639514E-01    2.510862E-03    9.877654E-06    3.330706E-01    4.572474E-04    9.315814E-10
 281    5.750000E+03    6.640017E-01    2.469063E-03    9.535001E-06    3.330710E-01    4.487333E-04    9.147793E-10
 282    5.760000E+03    6.640510E-01    2.428096E-03    9.205340E-06    3.330713E-01    4.404062E-04    8.983432E-10
 283    5.770000E+03    6.640993E-01    2.387942E-03    8.888141E-06    3.330716E-01    4.322616E-04    8.822637E-10
 284    5.780000E+03    6.641466E-01    2.348583E-03    8.582893E-06    3.330719E-01    4.242948E-04    8.665319E-10
 285    5.790000E+03    6.641931E-01    2.309999E-03    8.289112E-06    3.330722E-01    4.165015E-04    8.511392E-10
 286    5.800000E+03    6.642386E-01    2.272175E-03    8.006330E-06    3.330724E-01    4.088773E-04    8.360771E-10
 287    5.810000E+03    6.642832E-01    2.235092E-03    7.734103E-06    3.330725E-01    4.014180E-04    8.213374E-10
 288    5.820000E+03    6.643270E-01    2.198734E-03    7.472005E-06    3.330727E-01    3.941195E-04    8.069122E-10
 289    5.830000E+03    6.643699E-01    2.163085E-03    7.219629E-06    3.330728E-01    3.869780E-04    7.927937E-10
 290    5.840000E+03    6.644120E-01    2.128129E-03    6.976585E-06    3.330729E-01    3.799896E-04    7.789743E-10
 291    5.850000E+03    6.644533E-01    2.093851E-03    6.742500E-06    3.330730E-01    3.731505E-04    7.654467E-10
 292    5.860000E+03    6.644938E-01    2.060236E-03    6.517016E-06    3.330730E-01    3.664570E-04    7.522039E-10
 293    5.870000E+03    6.645335E-01    2.027268E-03    6.299791E-06    3.330730E-01    3.599057E-04    7.392388E-10
 294    5.880000E+03    6.645725E-01    1.994934E-03    6.090499E-06    3.330730E-01    3.534931E-04    7.265447E-10
 295    5.890000E+03    6.646107E-01    1.963220E-03    5.888826E-06    3.330730E-01    3.472158E-04    7.141150E-10
 296    5.900000E+03    6.646482E-01    1.932112E-03    5.694471E-06    3.330729E-01    3.410705E-04    7.019435E-10
 297    5.910000E+03    6.646850E-01    1.901596E-03    5.507148E-06    3.330729E-01    3.350542E-04    6.900239E-10
 298    5.920000E+03    6.647211E-01    1.871660E-03    5.326580E-06    3.330728E-01    3.291637E-04    6.783500E-10
 299    5.930000E+03    6.647565E-01    1.842291E-03    5.152505E-06    3.330727E-01    3.233960E-04    6.669162E-10
 300    5.940000E+03    6.647913E-01    1.813477E-03    4.984668E-06    3.330725E-01    3.177482E-04    6.557166E-10
 301    5.950000E+03    6.648254E-01    1.785206E-03    4.822829E-06    3.330724E-01    3.122174E-04    6.447457E-10
 302    5.960000E+03    6.648588E-01    1.757466E-03    4.666754E-06    3.330722E-01    3.068009E-04    6.339981E-10
 303    5.970000E+03    6.648917E-01    1.730245E-03    4.516223E-06    3.330721E-01    3.014959E-04    6.234685E-10
 304    5.980000E+03    6.649239E-01    1.703533E-03    4.371020E-06    3.330719E-01    2.962998E-04    6.131518E-10
 305    5.990000E+03    6.649556E-01    1.677318E-03    4.230942E-06    3.330717E-01    2.912101E-04    6.030429E-10
 306    6.000000E+03    6.649866E-01    1.651590E-03    4.095792E-06    3.330715E-01    2.862243E-04    5.931371E-10
# end of line   1  

# new line 
 307    3.000000E+03    5.655643E-02    1.276988E-01    7.241991E-01    2.843405E-02    6.311164E-02    2.213959E-08
 308    2.999990E+03    5.655423E-02    1.276967E-01    7.242056E-01    2.843285E-02    6.311063E-02    2.213854E-08
 309    2.999980E+03    5.655202E-02    1.276946E-01    7.242121E-01    2.843165E-02    6.310962E-02    2.213749E-08
 310    2.997980E+03    5.611215E-02    1.272706E-01    7.255183E-01    2.819178E-02    6.290712E-02    2.192813E-08
 311    2.995980E+03    5.567493E-02    1.268466E-01    7.268204E-01    2.795351E-02    6.270447E-02    2.172025E-08
 312    2.993980E+03    5.524035E-02    1.264226E-01    7.281185E-01    2.771683E-02    6.250167E-02    2.151383E-08
 313    2.990000E+03    5.438337E-02    1.255788E-01    7.306896E-01    2.725050E-02    6.209770E-02    2.110744E-08
 314    2.980000E+03    5.227571E-02    1.234589E-01    7.370786E-01    2.610607E-02    6.108065E-02    2.011180E-08
 315    2.970000E+03    5.023229E-02    1.213405E-01    7.433660E-01    2.499996E-02    6.006128E-02    1.915210E-08
 316    2.960000E+03    4.825193E-02    1.192248E-01    7.495515E-01    2.393134E-02    5.904037E-02    1.822773E-08
 317    2.950000E+03    4.633342E-02    1.171133E-01    7.556352E-01    2.289939E-02    5.801867E-02    1.733803E-08
 318    2.940000E+03    4.447557E-02    1.150070E-01    7.616172E-01    2.190330E-02    5.699692E-02    1.648233E-08
 319    2.930000E+03    4.267714E-02    1.129073E-01    7.674974E-01    2.094224E-02    5.597584E-02    1.565992E-08
 320    2.920000E+03    4.093691E-02    1.108153E-01    7.732763E-01    2.001537E-02    5.495609E-02    1.487005E-08
 321    2.910000E+03    3.925366E-02    1.087321E-01    7.789540E-01    1.912188E-02    5.393836E-02    1.411199E-08
 322    2.900000E+03    3.762614E-02    1.066588E-01    7.845308E-01    1.826093E-02    5.292329E-02    1.338495E-08
 323    2.890000E+03    3.605314E-02    1.045964E-01    7.900073E-01    1.743170E-02    5.191149E-02    1.268814E-08
 324    2.880000E+03    3.453340E-02    1.025459E-01    7.953837E-01    1.663337E-02    5.090356E-02    1.202076E-08
 325    2.870000E+03    3.306570E-02    1.005083E-01    8.006607E-01    1.586512E-02    4.990009E-02    1.138201E-08
