# GNUPLOT file generated by OpenCalphad
# OpenCalphad   6.030 :  2021-08-01 : with GNUPLOT fig 3
set terminal wxt size 840,700 font "Arial,16"
#set terminal pdf color solid size 6,5 enhanced font "Arial,16"
#set output "ocgnu.pdf"
set origin 0.0, 0.0 
set size   1.0000,   1.0000
set xlabel "Temperature, K"
set ylabel "Mass fraction of all components in BCC-A2"
set label "~O{.0  C}" at screen 0.02, 0.03 font "Garamond Bold,20"
set key top right font "Arial,12"
set style line  1 lt  1 lc rgb "#000000" lw 2 pt 10
set style line  2 lt  1 lc rgb "#4169E1" lw 2 pt 6
set style line  3 lt  1 lc rgb "#00C000" lw 2 pt 3
set style line  4 lt  1 lc rgb "#FF0000" lw 2 pt 2
set style line  5 lt  1 lc rgb "#FF00FF" lw 2 pt 4
set style line  6 lt  1 lc rgb "#C8C800" lw 2 pt 5
set style line  7 lt  1 lc rgb "#C0C0C0" lw 2 pt 7
set style line  8 lt  1 lc rgb "#00FFFF" lw 2 pt 8
set style line  9 lt  1 lc rgb "#804080" lw 2 pt 9
set style line 10 lt  1 lc rgb "#7CFF40" lw 2 pt 1
# for invariants, faded read
set style line 100 lt 1 lc rgb "#FF3333" lw 3 pt 1

# Some useful GNUPLOT commands for editing the figure
# This is a dashed line (on pdf/wxt):
# set style line 15 lt 0 lc rgb "#C8C800" lw 2 pt 2

# set pointsize 0.6
# set label "text" at 0.5, 0.5 rotate by 60 font "arial,12"
# set xrange [0.5 : 0.7] 
# Adding manually a line and keep scaling:
# set arrow x0, y0 to x1,y1 nohead linestyle 1
# set multiplot
# set xrange [] writeback
#  ... plot someting
# set xrange restore
#  ... plot more using same axis scaling 
# unset multiplot



# begin of data with lines     63
$OCT210801100326 << EOD
KEYS: Temperature-K W(BCC-A2,C) W(BCC-A2,CR) W(BCC-A2,FE) W(BCC-A2,MO) W(BCC-A2,SI) W(BCC-A2,V)
 # First line: 
   1    1.630639E+03    1.112827E-03    3.931998E-02    8.789638E-01    7.330348E-02    1.277141E-03    6.022799E-03
   2    1.630649E+03    1.112825E-03    3.931955E-02    8.789685E-01    7.329957E-02    1.277067E-03    6.022500E-03
   3    1.630658E+03    1.112823E-03    3.931912E-02    8.789732E-01    7.329566E-02    1.276993E-03    6.022201E-03
   4    1.632530E+03    1.112412E-03    3.923178E-02    8.799214E-01    7.251016E-02    1.261988E-03    5.962268E-03
   5    1.634402E+03    1.111968E-03    3.914166E-02    8.808789E-01    7.171881E-02    1.246678E-03    5.901962E-03
   6    1.636274E+03    1.111490E-03    3.904865E-02    8.818459E-01    7.092157E-02    1.231067E-03    5.841278E-03
   7    1.640000E+03    1.110435E-03    3.885470E-02    8.837990E-01    6.931734E-02    1.199126E-03    5.719373E-03
   8    1.649380E+03    1.107121E-03    3.830962E-02    8.888919E-01    6.517207E-02    1.113845E-03    5.405412E-03
   9    1.649480E+03    1.106585E-03    3.830942E-02    8.888978E-01    6.516735E-02    1.113446E-03    5.405433E-03
  10    1.649481E+03    1.106582E-03    3.830942E-02    8.888978E-01    6.516733E-02    1.113444E-03    5.405433E-03
  11    1.649481E+03    1.106579E-03    3.830941E-02    8.888978E-01    6.516730E-02    1.113442E-03    5.405433E-03
  12    1.649585E+03    1.106022E-03    3.830920E-02    8.889039E-01    6.516239E-02    1.113027E-03    5.405454E-03
  13    1.649689E+03    1.105463E-03    3.830898E-02    8.889100E-01    6.515747E-02    1.112612E-03    5.405475E-03
  14    1.649793E+03    1.104905E-03    3.830876E-02    8.889161E-01    6.515255E-02    1.112196E-03    5.405496E-03
  15    1.650000E+03    1.103792E-03    3.830832E-02    8.889283E-01    6.514272E-02    1.111367E-03    5.405535E-03
  16    1.660000E+03    1.048393E-03    3.827603E-02    8.895733E-01    6.462788E-02    1.068953E-03    5.405418E-03
  17    1.670000E+03    9.898180E-04    3.821849E-02    8.903457E-01    6.402346E-02    1.021840E-03    5.400731E-03
  18    1.680000E+03    9.281018E-04    3.812844E-02    8.912745E-01    6.330877E-02    9.698816E-04    5.390321E-03
  19    1.687422E+03    8.803003E-04    3.803474E-02    8.920878E-01    6.269110E-02    9.281097E-04    5.377975E-03
# end of line   1  

# new line 
  20    1.106914E+03    1.108180E-04    2.733703E-02    9.525007E-01    1.738716E-02    1.618878E-03    1.045401E-03
  21    1.106908E+03    1.108211E-04    2.733312E-02    9.525064E-01    1.738598E-02    1.618516E-03    1.045159E-03
  22    1.106901E+03    1.108242E-04    2.732921E-02    9.525121E-01    1.738480E-02    1.618155E-03    1.044918E-03
  23    1.105518E+03    1.114747E-04    2.655078E-02    9.536442E-01    1.714770E-02    1.548615E-03    9.971761E-04
  24    1.104135E+03    1.121758E-04    2.578003E-02    9.547637E-01    1.690909E-02    1.484264E-03    9.507093E-04
  25    1.102752E+03    1.129251E-04    2.501826E-02    9.558689E-01    1.666947E-02    1.424795E-03    9.056111E-04
  26    1.100000E+03    1.145491E-04    2.353375E-02    9.580202E-01    1.619158E-02    1.319711E-03    8.202240E-04
  27    1.098022E+03    1.158153E-04    2.249630E-02    9.595224E-01    1.584891E-02    1.253939E-03    7.626195E-04
  28    1.097922E+03    1.156475E-04    2.249118E-02    9.595345E-01    1.584237E-02    1.253946E-03    7.623545E-04
  29    1.097914E+03    1.156342E-04    2.249077E-02    9.595355E-01    1.584185E-02    1.253946E-03    7.623335E-04
  30    1.097906E+03    1.156209E-04    2.249036E-02    9.595364E-01    1.584133E-02    1.253947E-03    7.623126E-04
  31    1.096322E+03    1.129903E-04    2.240915E-02    9.597278E-01    1.573784E-02    1.254056E-03    7.581304E-04
  32    1.094737E+03    1.104100E-04    2.232786E-02    9.599191E-01    1.563453E-02    1.254165E-03    7.539765E-04
  33    1.093153E+03    1.078793E-04    2.224650E-02    9.601101E-01    1.553139E-02    1.254273E-03    7.498505E-04
  34    1.090000E+03    1.029877E-04    2.208438E-02    9.604897E-01    1.532668E-02    1.254485E-03    7.417225E-04
  35    1.080000E+03    8.868894E-05    2.156810E-02    9.616891E-01    1.468234E-02    1.255136E-03    7.166579E-04
  36    1.070000E+03    7.610394E-05    2.104816E-02    9.628816E-01    1.404577E-02    1.255756E-03    6.926505E-04
  37    1.060000E+03    6.506766E-05    2.052398E-02    9.640675E-01    1.341742E-02    1.256345E-03    6.696711E-04
  38    1.050000E+03    5.542545E-05    1.999490E-02    9.652473E-01    1.279773E-02    1.256908E-03    6.477017E-04
  39    1.040000E+03    4.703301E-05    1.946024E-02    9.664214E-01    1.218711E-02    1.257445E-03    6.267368E-04
  40    1.030000E+03    3.971417E-05    1.890560E-02    9.676118E-01    1.157621E-02    1.257990E-03    6.086455E-04
  41    1.020000E+03    3.339506E-05    1.834015E-02    9.688020E-01    1.097397E-02    1.258513E-03    5.919187E-04
  42    1.010000E+03    2.800015E-05    1.778051E-02    9.699659E-01    1.039237E-02    1.258981E-03    5.742760E-04
  43    1.000000E+03    2.340627E-05    1.722636E-02    9.711044E-01    9.830576E-03    1.259397E-03    5.558406E-04
  44    9.900000E+02    1.950531E-05    1.667745E-02    9.722186E-01    9.287932E-03    1.259767E-03    5.367286E-04
  45    9.800000E+02    1.620237E-05    1.613361E-02    9.733092E-01    8.763890E-03    1.260095E-03    5.170497E-04
  46    9.700000E+02    1.341429E-05    1.559473E-02    9.743766E-01    8.258006E-03    1.260385E-03    4.969075E-04
  47    9.600000E+02    1.106827E-05    1.506076E-02    9.754212E-01    7.769920E-03    1.260640E-03    4.764008E-04
  48    9.500000E+02    9.100741E-06    1.453171E-02    9.764434E-01    7.299344E-03    1.260861E-03    4.556231E-04
  49    9.400000E+02    7.456248E-06    1.400765E-02    9.774431E-01    6.846044E-03    1.261053E-03    4.346641E-04
  50    9.300000E+02    6.086589E-06    1.348868E-02    9.784206E-01    6.409832E-03    1.261215E-03    4.136093E-04
  51    9.200000E+02    4.949961E-06    1.297495E-02    9.793757E-01    5.990549E-03    1.261351E-03    3.925409E-04
  52    9.100000E+02    4.010225E-06    1.246665E-02    9.803083E-01    5.588062E-03    1.261461E-03    3.715375E-04
  53    9.000000E+02    3.236237E-06    1.196402E-02    9.812183E-01    5.202249E-03    1.261546E-03    3.506748E-04
  54    8.900000E+02    2.601252E-06    1.146730E-02    9.821055E-01    4.832997E-03    1.261608E-03    3.300254E-04
  55    8.800000E+02    2.082387E-06    1.097680E-02    9.829696E-01    4.480188E-03    1.261648E-03    3.096588E-04
  56    8.700000E+02    1.660139E-06    1.049282E-02    9.838105E-01    4.143699E-03    1.261666E-03    2.896415E-04
  57    8.600000E+02    1.317947E-06    1.001571E-02    9.846279E-01    3.823395E-03    1.261663E-03    2.700369E-04
  58    8.500000E+02    1.041813E-06    9.545818E-03    9.854215E-01    3.519121E-03    1.261639E-03    2.509050E-04
  59    8.400000E+02    8.199498E-07    9.083533E-03    9.861910E-01    3.230703E-03    1.261596E-03    2.323020E-04
  60    8.300000E+02    6.424775E-07    8.629241E-03    9.869364E-01    2.957941E-03    1.261535E-03    2.142808E-04
  61    8.200000E+02    5.011522E-07    8.183347E-03    9.876572E-01    2.700606E-03    1.261455E-03    1.968899E-04
  62    8.100000E+02    3.891262E-07    7.746263E-03    9.883534E-01    2.458443E-03    1.261358E-03    1.801735E-04
  63    8.000000E+02    3.007383E-07    7.318408E-03    9.890247E-01    2.231165E-03    1.261245E-03    1.641713E-04
# end of line   2  


EOD


plot for [i=3: 8] $OCT210801100326 using 2:i with lines ls (i-2+ 0) title columnheader(i)
set term wxt title 'fig3_mod'
pause -1